4  2 9
4  2 3
4  2 36
4  2 22
4  2 2
4  2 2
4  2 25
4  2 2
4  2 10
4  2 32
4  3 105
4  3 145
4  3 18
4  3 60
4  3 59
4  3 68
4  3 222
4  3 106
4  3 25
4  3 364
4  4 147
4  4 55
4  4 327
4  4 3
4  4 211
4  4 355
4  4 28
4  4 88
4  4 174
4  4 559
5  2 2
5  2 26
5  2 77
5  2 15
5  2 21
5  2 3
5  2 60
5  2 63
5  2 25
5  2 17
5  3 474
5  3 62
5  3 237
5  3 127
5  3 100
5  3 230
5  3 104
5  3 369
5  3 4
5  3 292
5  4 2829
5  4 27
5  4 293
5  4 1893
5  4 1128
5  4 2282
5  4 635
5  4 1380
5  4 678
5  4 5805
6  2 97
6  2 46
6  2 6
6  2 8
6  2 179
6  2 2
6  2 72
6  2 66
6  2 17
6  2 20
6  3 1196
6  3 366
6  3 531
6  3 1007
6  3 341
6  3 70
6  3 143
6  3 1065
6  3 659
6  3 221
6  4 3776
6  4 8171
6  4 11401
6  4 5968
6  4 512
6  4 677
6  4 2573
6  4 1772
6  4 914
6  4 2644
